  2    00 03 49.    5.  -00 23.    7.    99  -61    15.0    < 5. "
  6.1  00 14 12.   30.   79 24.   45.   121   17    16.0      2.5' 1.5
  9    00 17 50.    5.   15 23.    8.   112  -47    15.0    < 3.0'
 10    00 22 48.1   2.0  63 50.7   2.0  120    1   134.       6.6' 0.8
 11.1  00 27 06.   18.   63 24.   45.   121    1    11.5    < 2.5'
 13    00 31 35.    5.   39 03.    4.   119  -23    10.5*   <20. "
 14    00 33 30.6   3.0  18 20.7   3.0  118  -44     9.5*   <20. "
 14.1  00 33 36.   18.   59 30.   45.   121   -3    14.0    < 2.0'
 15    00 34 33.    6.  -01 31.    5.   115  -64    14.5*   <40. "
 16    00 35 06.    6.   12 50.   16.   118  -50    11.5*   < 1.0'
 17    00 35 52.    5.  -02 16.   14.   115  -65    21. *   <40. "
 19    00 38 14.    6.   32 54.    4.   120  -30     9.0*   <12. "
 18    00 38 15.    7.   09 54.    7.   119  -53    23. *   <40. "
 20    00 40 19.9   1.0  51 46.0   1.5  122  -11    41. *   < 1.0'
 21.1  00 42 30.   18.   67 48.   45.   122    5     9.0    < 3.0'
 22    00 48 06.2   3.0  50 56.7   3.0  123  -12    14.5    < 2.0'
 27    00 52 42.    3.   68 13.   10.   123    6    24.     < 2.0'
 28    00 53 09.4   1.0  26 07.9   1.0  124  -37    14.0    < 3.0'
 29    00 55 03.    4.  -01 35.   10.   127  -64    15.0    < 3.0'
 31    01 04 42.0   3.0  32 07.5   3.0  127  -30    15.5      2.5' 1.5
 33    01 06 13.7   1.0  13 04.3   1.5  129  -49    49.       2.0' 1.0  Complex brightness distribution.
 33.1  01 06 24.   18.   72 54.   60.   124   10    12.0    < 2.5'
 33.2  01 06 54.   18.   69 06.   60.   125    7     9.0    < 4.0'
 34    01 07 32.4   3.0  31 30.1   3.0  128  -31    11.0    < 2.5'
 35    01 09 07.1   3.0  49 10.3   3.0  126  -13    12.5      3.2' 2.0
 36    01 15 14.    5.   45 23.    6.   128  -17     9.5    < 4.0'
 40    01 23 35.   10.  -01 32.    9.   142  -63    24.       5.0' 1.5  Double.
 41    01 23 55.3   3.0  32 56.1   3.0  131  -29    10.0    < 3.0'
 42    01 25 43.8   3.0  28 48.0   3.0  133  -33    11.5*   < 2.5'      Smaller source precedes.
 43    01 27 15.2   3.0  23 25.6   3.0  134  -39    11.5    < 3.0'
 44    01 28 46.4   5.0  06 10.3   5.0  141  -55    11.0      2.0' 1.5
 46    01 32 38.    5.   37 41.    6.   132  -24     9.5      2.5' 2.0
 47    01 33 40.9   3.0  20 41.6   3.0  137  -41    20.     < 1.6'
 48    01 34 49.1   0.5  32 52.8   0.75 134  -29    47. *   < 1. "
 49    01 38 32.    5.   13 48.    7.   141  -47    11.5*   < 4. "
 52    01 45 18.3   3.0  53 21.4   3.0  131   -8    10.0    < 3.0'
 54    01 52 27.7   3.0  43 32.7   3.0  135  -18    10.0*   <12. "
 55    01 54 20.4   3.0  28 36.3   3.0  140  -32    21.     < 2.5'
 58    02 01 41.    5.   64 38.   15.   131    3    24.       4.5' 1.0
 61.1  02 12 00.   90.   85 59.6   5.0  125   24    29.     < 1.5'
 63    02 18 20.4   1.0 -02 14.0   2.0  167  -57    15.0*   <40. "
 66    02 20 10.4   1.5  42 49.8   2.0  140  -17    33.       3.3' 1.0  Possibly double.
 65    02 20 37.9   3.0  39 47.6   3.0  142  -20    27.       3.7' 1.0
 67    02 21 18.3   3.0  27 36.8   3.0  147  -31    10.0    < 3.0'      Small source south, following.
 68.1  02 29 29.    5.   34 30.   18.   146  -24    17.0    < 2.5'
 68.2  02 31 24.2   3.0  31 20.0   3.0  147  -26    12.0    < 3.0'
 69    02 34 20.    3.   58 59.    3.   136   -1    23.     <12. "
 71    02 40 06.   12.  -00 25.   20.   172  -52    13.5*   <40. "
 75    02 55 02.8   2.0  05 51.9   3.0  170  -45    23.       3.6' 1.0  Double.
 76.1  03 00 28.    5.   16 15.    7.   163  -36     9.5    < 3.0'
 78    03 05 49.3   5.0  03 57.3   5.0  175  -45    15.0    < 2.0'
 79    03 07 10.4   1.0  16 54.8   0.5  164  -35    24.     < 1.5'
 83.1  03 14 55.3   3.0  41 43.9   3.0  150  -13    28.       3.3' 1.0
 84    03 16 29.0   1.0  41 20.3   1.0  151  -13    58.       2.3' 1.0
 86    03 23 31.2   2.0  55 08.4   1.0  144   -1    21.     < 2.5'      Probably double.
 88    03 25 18.9   5.0  02 24.8   5.0  181  -42    16.0      3.2' 1.0
 89    03 31 46.    5.  -01 14.   10.   186  -43    18.5    < 2.5'
 91    03 34 04.1   2.5  50 35.2   3.0  148   -4    12.5    <15. "
 93    03 40 52.8   5.0  04 47.6   5.0  182  -38     9.5    < 3.0'
 93.1  03 45 36.0   3.0  33 44.3   3.0  160  -16    10.0    < 3.0'      Confusing source just below limit 15' North, 38 secs. following.
 98    03 56 10.5   1.5  10 16.7   2.0  180  -31    41.     < 2.5'
 99    03 58 30.    4.   00 17.    7.   190  -37    10.0    < 3.0'
103    04 04 35.0   1.5  42 51.6   1.5  157   -7    25. *   <40. " 1.5
105    04 04 47.1   5.0  03 34.1   5.0  188  -34    15.0      3.5'
107    04 09 55.    3.  -01 01.    9.   193  -35    11.0*   <12. "
109    04 10 55.    3.   11 15.    6.   182  -28    19.5    < 1.5'
111    04 15 01.6   1.5  37 53.4   1.0  162   -9    57.       2.9' 0.7  Double.
114    04 17 29.5   3.0  17 47.0   3.0  177  -22    10.0    < 3.0'
119    04 29 08.5   1.5  41 32.9   1.5  161   -4    15.0*   < 1.5'
123    04 33 55.8   1.5  29 34.3   1.0  171  -12   175.     <40. "
124    04 39 24.    5.   01 38.   15.   195  -28     9.5    < 4.0'
125    04 42 50.    5.   39 37.    7.   164   -4     9.5    < 3.0'
129    04 45 24.7   2.0  44 56.7   1.0  160    0    21.       2.7' 1.5  Flux uncertain. Confusing source precedes and 3C129.1 follows.
129.1  04 46 42.   12.   44 48.   45.   161    0    10.5    < 4.5'
130    04 48 50.    3.   51 46.    6.   156    5    12.5      3.0' 1.8
131    04 50 09.8   3.0  31 22.9   3.0  172   -8    13.5    < 2.0'
132    04 53 42.7   3.0  22 43.8   3.0  179  -13    12.5*   < 1.0'      Confusing sources nearby.
133    04 59 54.5   3.0  25 12.2   3.0  178  -10    19.5*   <45. "
134    05 01 17.7   1.0  38 01.2   1.0  168   -2    66.      40. "20.   Double.
135    05 11 43.    6.   01 12.   12.   200  -21    16.0      3.7' 1.5
136.1  05 12 54.   12.   24 54.   45.   180   -8    13.0                3'<d<12'
137    05 15 38.1   3.0  50 52.6   3.0  159    8     9.0*   <40. "
138    05 18 16.    6.   16 35.    8.   187  -11    18.5    < 3.0'
139.1  05 19 21.   18.   34 00.   45.   173   -1    20.      16. ' 6.
139.2  05 21 19.1   3.0  28 11.0   3.0  178   -4    11.0    < 3.0'
141    05 23 26.3   1.5  32 47.0   2.5  175   -1    13.0*   <40. "
142.1  05 28 48.9   5.0  06 29.8   5.0  198  -15    18.0      1.5' 1.5
144    05 31 30.0   1.0  21 58.4   1.0  185   -6  1420.       5.0' 0.6
147    05 38 44.3   1.0  49 49.4   0.5  162   10    58.     < 2. "
147.1  05 39 03.   18.  -01 48.   45.   206  -16    14.5                4.5'<d<13'
152    06 01 30.9   3.0  20 21.4   3.0  190   -1    11.0*   <12. "
153    06 05 44.6   3.0  48 03.5   3.0  165   13    17.5*   <40. "
153.1  06 06 42.   12.   21 12.   24.   189    1    19.0     15. ' 8.
154    06 10 43.5   1.5  26 04.9   0.5  186    4    19.0      1.0' 1.0
157    06 14 36.   12.   22 43.    4.   189    3   210.      29. ' 5.
158    06 18 50.    5.   14 31.    8.   197    0    14.0*   <12. "
165    06 40 04.4   3.0  23 22.0   3.0  191    9    11.0    < 2.5'
166    06 42 25.6   3.0  21 24.0   3.0  193    8    13.0    < 2.5'
169.1  06 47 42.   12.   45 06.   45.   171   19     9.5      2.8' 2.0
171    06 51 14.8   1.0  54 12.3   1.0  162   22    23. *   <45. "
173    06 58 57.   12.   38 04.   20.   179   18    10.0    < 3.0'
172    06 59 04.7   3.0  25 18.0   3.0  191   13    14.0    < 2.5'
173.1  07 03 00.   24.   75 12.   45.   140   27    12.0    < 3.0'
175    07 10 15.4   1.0  11 52.3   1.0  205   10    16.0    <45. "
175.1  07 11 27.   12.   15 36.   45.   202   12    11.5      3.7' 2.0
177    07 21 45.    5.   15 35.   10.   203   14     9.5    < 3.0'      Confused.
180    07 24 34.    4.  -01 59.   10.   219    7    14.0    < 3.0'      Confusing source 2 mins. earlier.
181    07 25 20.    5.   14 45.    9.   204   15    13.0    < 2.5'
184    07 34 34.   20.   70 20.   10.   145   30    11.0    < 2.5'
184.1  07 34 54.   36.   80 30.   45.   134   29    12.0    < 3.0'
186    07 41 04.    6.   38 05.    4.   182   26    13.5    <12. "
187    07 42 26.    8.   01 54.   10.   218   13    11.0      3.0' 2.0
190    07 58 52.    3.   14 27.    6.   208   22    11.0    < 4. "      Position from 3C catalogue: confused by sidelobe response to Cyg. A. for present observations.
191    08 02 04.4   1.0  10 23.6   1.5  212   21    10.5*   <40. "
192    08 02 36.4   3.0  24 19.0   3.0  198   26    19.5    < 2.5'
194    08 06 38.9   1.5  42 36.9   1.8  178   32     9.0    < 3.0'
196    08 10 01.1   1.0  48 22.5   0.5  171   33    59.     <12. "
196.1  08 13 21.   18.  -02 48.   45.   226   17    14.5    < 2.5'
197.1  08 18 21.   12.   46 42.   45.   173   35     9.5    < 3.5'
198    08 19 51.9   5.0  06 07.1   5.0  218   23    16.5      3.7' 1.0
200    08 24 20.    6.   29 28.    5.   194   33    13.0    < 3.0'
204    08 32 59.   10.   65 32.   10.   150   36     9.5    < 3.0'
205    08 35 28.    8.   57 50.    5.   160   37    12.5*   <40. "
207    08 38 12.   12.   12 48.   45.   214   30    10.0    < 3.0'
208    08 50 23.5   1.0  14 03.0   1.5  214   33    16.0    < 2.5'
208.1  08 52 00.   18.   14 42.   45.   213   34    12.5      3.5' 2.0
210    08 55 13.0   3.0  28 03.5   3.0  198   39    10.5*   <12. "
212    08 56 00.    5.   14 25.    8.   214   35    15.5    <15. "
213.1  08 58 07.2   3.0  29 13.2   3.0  196   40    11.0      2.6' 2.0
215    09 03 44.4   3.0  16 57.5   5.0  212   37    10.0    < 3.0'
217    09 05 55.    5.   38 04.    6.   185   43    12.0    < 2.5'
216    09 06 19.5   1.0  43 06.6   0.5  178   43    18.5*   <12. "
219    09 17 51.5   1.0  45 51.5   0.75 174   45    44.     < 1.0'
220.1  09 26 42.   40.   80 12.   45.   132   33    12.0    < 2.5'
220.2  09 27 51.   12.   36 06.   45.   188   47     9.5    < 3.0'
220.3  09 32 00.   45.   83 48.   45.   129   31    14.5    < 2.5'
222    09 33 54.8   5.0  04 38.9   5.0  230   38     9.0*   < 4. "      Confusing source south preceding.
223    09 36 53.    9.   36 08.    8.   188   49    14.5    < 2.5'
223.1  09 38 20.    5.   39 56.    8.   183   49     9.5    < 3.0'
225    09 39 36.    4.   14 04.    3.   220   44    25.     < 3.0'      Probably double.
226    09 41 41.    7.   10 05.    7.   225   43    13.5    < 2.5'
227    09 45 07.0   2.0  07 39.4   3.0  229   42    28.       2.8' 1.0  Possibly double.
228    09 47 25.    5.   14 30.    7.   221   46    16.0*   <40. "
230    09 49 25.6   1.5  00 12.5   2.0  238   39    21. *   <12. "
231    09 51 20.   10.   70 05.   15.   141   40    13.0*   < 1.5'   
234    09 58 57.3   1.0  29 01.6   0.5  200   53    29.     <40. "      Possibly complex brightness distribution.
236    10 03 06.   10.   35 03.    9.   190   54     9.0    < 3.0'
237    10 05 22.2   1.5  07 43.9   1.5  232   47    24. *   <12. "
238    10 08 23.0   5.0  06 41.5   5.0  234   47    13.0    < 2.5'
239    10 08 48.    8.   46 40.   12.   171   53    12.0    < 2.5'
241    10 19 09.9   3.0  22 11.9   3.0  213   56    10.0*   <45. "
244.1  10 30 30.   18.   58 42.   45.   151   51    19.0    < 2.5'
245    10 40 15.    7.   12 22.    6.   233   56     9.5*   <40. "
247    10 56 09.4   3.0  43 18.0   3.0  171   62    15.5      1.5' 1.5
249    10 59 37.    6.  -01 00.    7.   256   51    20.       2.5' 1.5
249.1  11 00 12.   30.   77 30.   45.   130   38    11.5    < 3.0'
250    11 06 11.7   3.0  25 15.1   3.0  213   67    11.0    < 3.0'
252    11 08 58.   10.   35 54.    5.   185   67    12.0      2.0' 1.5
254    11 11 54.3   1.0  40 54.0   0.5  173   66    19.0*   <12. "
255    11 17 02.    7.  -02 31.   14.   263   53    16.5    < 2.5'
256    11 18 04.6   3.0  23 45.5   3.0  218   69     9.5*   <12. "
257    11 20 43.    5.   05 52.    8.   255   60     9.0    < 4.0'      Positions from 3C catalogue: confused by sidelobe, responses to Cass. A. for present observations.
258    11 22 12.    9.   19 39.    7.   230   69     9.0    < 4.0'      Positions from 3C catalogue: confused by sidelobe, responses to Cass. A. for present observations.
263    11 36 55.   10.   66 07.   10.   134   50    13.0    <15. "     
263.1  11 40 49.7   1.5  22 24.6   2.0  227   74    17.5    < 2.0'
264    11 42 31.7   1.5  19 52.4   2.0  236   73    24.       2.7' 1.0
265    11 42 52.4   3.0  31 50.3   3.0  192   75    18.0    < 1.0'
266    11 43 05.9   3.0  50 02.3   3.0  148   64     9.0    < 3.0'
267    11 47 26.    8.   13 10.    7.   255   70    13.5    < 3.5'
268.1  11 57 54.   24.   73 24.   45.   128   44    19.5    < 2.5'
268.2  11 58 25.2   3.0  31 47.9   3.0  188   78     9.0    < 3.5'
268.3  12 04 12.   18.   64 48.   45.   131   52     9.5    < 3.0'
268.4  12 06 44.6  10.   43 56.8   3.0  147   71     9.0    < 3.0'
270    12 16 38.3   5.0  06 06.9   5.0  282   67    44.       4.7' 1.0  Double.
270.1  12 18 04.7   3.0  33 56.0   3.0  167   81    12.0    < 2.5'
272    12 22 02.6   1.5  42 23.0   1.8  141   74     9.5    < 3.0'
272.1  12 22 35.    9.   13 06.   45.   278   74    18.0      4.2' 2.0
273    12 26 31.8   5.0  02 20.6   5.0  290   64    67. *   <12. "
274    12 28 18.0   0.5  12 40.1   0.5  284   75   970.       4.7' 0.4
274.1  12 32 57.2   3.0  21 36.1   3.0  270   83    15.0    < 3.0'
275    12 39 49.    6.  -04 39.    7.   299   58     9.5    < 3.0'
275.1  12 41 27.9   3.0  16 42.6   5.0  293   79    16.0    < 3.0'
277    12 49 28.5   3.0  50 52.1   3.0  123   67    12.5      4.0' 2.0  Possibly two sources.
277.1  12 50 18.   18.   57 12.   45.   123   60    12.0    < 3.0'
277.2  12 51 03.   12.   15 48.   45.   306   78     9.5    < 3.0'
277.3  12 51 47.7   3.0  27 53.2   3.0   72   89    11.5    < 3.0'
280    12 54 42.8   0.5  47 36.1   1.0  120   70    20. *   <40. "
280.1  12 58 14.2   3.0  40 23.2   3.0  115   77    11.0    < 3.0'
284    13 08 43.3   3.0  27 42.0   3.0   38   86    10.5      3.0' 2.0
285    13 19 07.7   2.0  42 51.7   2.0  103   73    10.5      3.0' 2.0
287    13 28 17.0   3.0  25 25.6   3.0   23   81    14.0*   <12. "
286    13 28 50.0   1.0  30 45.6   1.0   57   81    21. *   < 1.5'
287.1  13 30 21.0   5.0  02 19.3   5.0  326   63    11.5      4.0' 2.0
288    13 36 38.    3.   39 04.    4.    86   75    14.5*   <40. "
288.1  13 40 48.   18.   60 12.   45.   112   56     9.5    < 3.5'
289    13 43 29.2   3.0  50 00.9   3.0  102   65     9.5    < 2.5'
293    13 50 03.0   3.0  31 39.3   3.0   54   76    12.0*   < 2.5'
293.1  13 52 21.   12.   16 42.   45.     0   72     9.5    < 3.0'
294    14 04 35.    6.   34 32.    8.    62   72     9.0*   <40. "
295    14 09 33.8   1.5  52 28.0   1.5   98   61    73.     <12. "
296    14 14 23.   15.   08 31.   15.   354   62    12.5      3.0' 1.5  Possibly two sources.
297    14 14 45.    7.  -03 58.    9.   340   52     9.5                 4'<d<10'
298    14 16 38.9   1.0  06 41.5   1.0  352   61    44. *   < 4. "
299    14 19 07.5   1.5  41 58.6   1.5   77   67    11.0*   < 2. "
300    14 20 40.2   3.0  19 50.8   3.0   18   68    16.0    < 2.0'
300.1  14 26 06.    9.  -01 24.   45.   346   53    10.5    < 3.0'
303    14 41 24.4   3.0  52 17.7   3.0   91   58    12.5    <40. "
303.1  14 44 06.   30.   77 12.   45.   115   38    11.5      2.3' 1.5
305    14 48 09.   12.   63 33.   15.   103   49    13.5    <12. "
305.1  14 48 24.   30.   76 54.   45.   115   39    11.5    < 3.0'
306.1  14 52 45.   18.  -03 48.   45.   352   47    12.5    < 3.0'
309.1  14 59 42.   24.   72 42.   45.   111   41    17.0    < 2.0'      Possibly two sources at same R.A.
310    15 02 49.7   1.0  26 13.3   0.5   39   60    51.       1.6' 0.8
313    15 08 32.6   1.5  08 01.1   1.5    9   52    28.       2.5' 1.5
314.1  15 10 48.   24.   71 18.   45.   109   42     9.0    < 3.0'
315    15 11 31.2   3.0  26 17.7   3.0   39   58    17.5    < 2.0'
317    15 14 17.7   1.0  07 11.2   1.0    9   50    43. *   <40. "
318    15 17 51.4   3.0  20 27.6   3.0   30   55    10.0*   <15. "
318.1  15 19 23.8   1.0  07 50.3   1.5   11   49    11.0    < 3.0'
319    15 22 48.    6.   54 39.    4.    88   51    17.0*   < 2.5'
320    15 29 37.    5.   35 53.    6.    57   55    11.5*   <40. "
321    15 29 40.4   3.0  24 12.6   3.0   37   54    12.5    <40. "
322    15 34 08.    8.   56 05.    7.    89   49     9.5    < 3.0'
323    15 40 57.    8.   60 18.   10.    94   46     9.5      2.7' 2.0
323.1  15 45 32.6   3.0  21 03.3   3.0   34   49     9.0    < 3.0'
324    15 47 39.0   3.0  21 35.7   3.0   35   49    11.5*   <40. "
325    15 49 08.   10.   62 50.    4.    96   44    10.5    <40. "
326    15 50 13.8   3.0  20 16.3   3.0   33   48    10.0      1.7' 1.7
326.1  15 53 58.0   3.0  20 14.1   3.0   34   47     9.0    < 3.0'
327    15 59 59.0   1.0  02 03.4   2.0   12   38    40.       3.7' 1.0
327.1  16 02 13.8   1.0  01 24.1   1.5   12   37    24.     < 2.0'
330    16 08 59.   10.   66 10.    6.    99   41    24.     < 2.0'
332    16 15 46.7   3.0  32 28.0   3.0   53   45    10.5    < 3.0'      Flux uncertain: confused.
334    16 18 06.8   3.0  17 31.6   5.0   33   41    10.0*   <40. "
336    16 22 32.8   3.0  23 52.1   3.0   41   42    13.5*   <40. "
341    16 26 04.7   3.0  27 48.5   3.0   47   42    10.5    < 3.0'
338    16 26 56.7   1.0  39 39.9   0.75  63   44    41.     < 2.0'
337    16 27 16.    6.   44 20.    5.    69   44    17.0    < 3.0'
340    16 27 30.1   3.0  23 29.6   3.0   41   41    11.0    < 3.0'
343    16 34 18.   18.   62 48.   45.    94   39     9.5    < 3.0'
343.1  16 38 06.   18.   62 48.   45.    93   39     9.0    < 3.0'
345    16 41 18.6   3.0  39 51.0   3.0   63   41    10.0*   <12. "
346    16 41 34.7   3.0  17 19.7   3.0   35   36    11.0*   <15. "
348    16 48 40.3   1.0  05 03.8   1.0   23   29   325.       3.2' 0.6  Double. See William et al., 1961Obs....81...64W
349    16 58 10.    4.   47 08.    6.    73   38    12.0*   <40. "
351    17 04 03.    6.   60 48.    5.    90   36    11.0    < 3.0'
352    17 09 15.    4.   46 02.    4.    72   36    11.0*   <12. "
353    17 17 56.1   1.0 -00 57.0   1.5   21   20   203.       4.0' 0.6
356    17 23 06.0   3.0  51 00.5   3.0   78   34    14.5      1.5' 1.5
357    17 26 26.6   3.0  31 47.0   3.0   56   31     9.0    < 3.0'
363.1  17 50 30.   30.   05 36.   60.    31   16    90.      60.0'12.
368    18 02 42.    5.   10 57.    6.    38   15    14.0    < 3.5'
371    18 07 04.   12.   69 55.   20.   100   29     9.5    < 3.0'
372.1  18 12 42.   18.  -03 36.   45.    26    6    41.      35. ' 6.
379.1  18 26 24.   24.   74 24.   45.   105   28     9.5    < 3.5'
380    18 28 14.6   2.0  48 41.2   2.0   77   24    57. *   <20. "
381    18 32 28.    2.   47 24.    4.    76   23    12.5*   <20. "
382    18 33 12.0   3.0  32 39.2   3.0   61   17    20.       1.8' 1.0
386    18 36 11.9   1.0  17 07.2   1.5   47   11    24.       1.8' 0.7
388    18 42 37.    3.   45 32.    3.    75   20    22. *   <40. "
390    18 43 12.    3.   09 49.    4.    41    6    19.0*   <40. "
389    18 43 41.    7.  -03 23.   12.    29    0    21.       3.3' 2.0  Flux uncertain.
390.1  18 44 00.   24.   06 36.   60.    38    4    51.      45. '10.   M.S.H. resolve into two sources: 18+09, 18+010.
390.2  18 45 12.   24.  -03 12.   45.    30   -1   110.      35. '10.
390.3  18 46 12.   36.   80 00.   45.   112   27    44.       1.9' 1.5
391    18 46 47.    5.  -00 59.    6.    32    0    24.       2.0' 2.0  Flux uncertain.
392    18 53 34.    2.   01 14.    3.    35    0   400.      16. ' 3.
394    18 57 02.    6.   12 56.    7.    45    4    12.0*   < 1.0'
396    19 01 35.7   5.0  05 23.5   5.0   39    0    22.       3.0' 2.0  Flux uncertain.
396.1  19 04 30.   18.  -03 12.   45.    32   -5    30.      35. '10.
397    19 05 07.3   5.0  07 04.7   5.0   41    0    28.       3.0' 2.0  Flux uncertain.
398    19 08 44.0   1.5  09 00.7   3.0   43    0    55.       3.3' 1.5) Confusing source precedes at same DE. Flux uncertain. Complex brightness distribution.
399.1  19 13 59.4   3.0  30 12.4   3.0   63    9    12.5    < 2.5'
399.2  19 15 42.   18.   10 36.   90.    46   -1    19.0                5'<d<15'  Flux uncertain.
400    19 21 30.   24.   14 24.   45.    50    0   540.      60.0'12. 
400.1  19 22 48.   12.   35 54.   45.    69    9    16.5                4'<d<10'
400.2  19 36 30.   18.   17 24.   45.    54   -2    22.      25. ' 8.
401    19 39 37.   10.   60 35.    3.    93   18    19.0*   <40. "
402    19 40 26.7   3.0  50 29.5   3.0   83   13    13.0      2.7' 1.0
403    19 49 43.6   5.0  02 29.4   5.0   42  -12    26.       1.5' 1.5
403.1  19 49 54.   18.  -02 00.   60.    39  -14    12.5                4'<d<10'
403.2  19 52 00.   30.   31 54.   60.    68    2    50.      36. '10.   Possibly more extended in declination.
405    19 57 45.3   1.0  40 36.0   1.0   76    6  8100.                 For angular structure, see e.g. Jennison and Latharn, 1959MNRAS.119..174J
409    20 12 18.5   1.0  23 25.3   2.0   63   -6    73. *   <30. "    
409.1  20 18 00.   36.   45 12.  120.    82    5   230.      55. '15.   Part of Cyg. X.
410    20 18 02.7   3.0  29 32.4   3.0   69   -4    32. *   <12. "
410.1  20 19 36.   30.   40 06.  120.    78    2   410.      58. '15.   Part of Cyg. X.
411    20 19 47.    5.   09 59.    8.    53  -15    14.0*   <30. "
415.1  20 31 06.   24.   43 18.   90.    82    2    24.      12. ' 7.   Flux and diameter doubtful.
415.2  20 31 20.8   3.0  53 34.6   3.0   90    8    10.0    < 3.0'
416.1  20 33 24.   36.   46 52.    6.    85    4    60.      40. '15.   Positions from Westerhout, 1958BAN....14..215W, Cat. <VIII/64>. Flux densities uncertain. Westerhout resolves 3C416.2 into 2 components.
416.2  20 34 00.   36.   41 33.   18.    81    1   160.      40. '20.   Positions from Westerhout, 1958BAN....14..215W, Cat. <VIII/64>. Flux densities uncertain. Westerhout resolves 3C416.2 into 2 components.
418    20 37 07.1   3.0  51 07.1   3.0   89    6    12.5*   < 3. "
419.1  20 39 06.   30.   42 06.   60.    82    0    74.      45. '10.
424    20 45 44.4   5.0  06 53.4   5.0   54  -22    12.5*   <40. "
427.1  21 05 12.   30.   76 36.   45.   111   19    23.     < 2.0'
428    21 06 45.2   3.0  49 21.9   3.0   91    1    19.0    < 2.5'
430    21 16 57.    5.   60 35.    3.   100    8    29.     < 1.8'
431    21 17 12.5   3.0  49 21.6   3.0   92    0    21.     < 1.5'
432    21 20 26.2   3.0  16 52.4   5.0   68  -23    11.5*   <40. "
433    21 21 32.1   1.0  24 52.7   1.0   75  -18    52.     <30. "
434    21 21 45.    8.   15 49.   12.    67  -24    10.5    < 3.5'      Flux uncertain.
434.1  21 23 06.   12.   51 48.   60.    94   11    23.                 4'<d<12'  Flux uncertain.
435    21 26 39.    5.   07 27.   10.    61  -30     9.5*   <40. "
435.1  21 35 12.   30.   84 24.   45.   118   24    12.0    < 3.0'
436    21 41 59.1   3.0  27 55.7   3.0   80  -19    15.0*   <40. "
437    21 45 00.    3.   15 03.    5.    71  -28    10.5*   <40. "
437.1  21 48 24.   12.   13 42.   45.    70  -30     5.0                2.5'<d<10'
438    21 53 45.5   1.0  37 45.8   1.0   89  -13    37. *   <40. "
441    22 03 50.1   1.0  29 16.7   1.5   85  -21    13.0*   <40. "
442    22 12 56.   12.   13 35.   12.    75  -34    20.                 4'<d<10'
445    22 21 13.1   1.0 -02 24.6   4.0   62  -47    23.       1.9' 1.0  Double.
449    22 29 09.    6.   38 57.    7.    95  -16    13.5      3.0' 1.5
452    22 43 33.5   2.0  39 24.7   1.5   98  -17    49.       3.2' 0.7
454    22 49 09.6   3.0  18 33.9   5.0   87  -36     9.0    < 3.0'
454.1  22 49 36.   24.   71 36.   45.   114   11     9.5    < 3.0'
454.2  22 50 24.   18.   64 48.   45.   111    5    10.5    < 3.0'
454.3  22 51 42.   12.   15 00.   45.    86  -39    15.0    < 2.5'
455    22 52 42.    8.   13 12.    7.    85  -41    13.0      2.5' 1.5
456    23 10 04.   10.   09 06.   12.    86  -46    13.0    < 3.0'
458    23 10 20.3   5.0  05 06.0   5.0   83  -50    10.0      2.2' 1.5
459    23 14 02.8   5.0  03 55.0   5.0   83  -51    22. *   < 3. "
460    23 19 00.3   3.0  23 32.1   3.0   98  -35     9.5    < 2.5'
461    23 21 10.6   2.0  58 33.1   1.0  112   -2 11000.                 For  angular structure, see e.g. Jennison and Latham, 1959MNRAS.119..174J
465    23 36 01.0   1.5  26 40.2   1.5  104  -33    35.       4.0' 1.0  Double.
468.1  23 48 36.   18.   64 24.   45.   117    3    34.     < 2.5'
469.1  23 53 30.   36.   79 48.   45.   120   18    11.5    < 3.0'
470    23 56 04.1   3.0  43 49.6   3.0  113  -18     9.0    < 2.5'
